1.1305, 1.1305, 1.119195
1.1305, 1.1305, 1.119195
1.1305, 1.1318, 1.119195
1.1305, 1.1318, 1.119195
1.1305, 1.1318, 1.119195
1.1305, 1.1318, 1.119195
1.1305, 1.1318, 1.119195
1.1305, 1.132, 1.119195
1.1305, 1.132, 1.119195
1.1305, 1.132, 1.119195
1.1305, 1.132, 1.119195
1.1305, 1.132, 1.119195
1.1305, 1.1325, 1.119195
1.1305, 1.1325, 1.119195
1.1305, 1.1325, 1.119195
1.1305, 1.1325, 1.119195
1.1305, 1.1316, 1.119195
1.1305, 1.1315, 1.119195
1.1305, 1.1306, 1.119195
1.1305, 1.1306, 1.119195
1.1305, 1.1306, 1.119195
1.1305, 1.1321, 1.119195
1.1305, 1.1321, 1.119195
1.1305, 1.1325, 1.119195
1.1305, 1.1325, 1.119195
1.1305, 1.1325, 1.119195
1.1305, 1.1325, 1.119195
1.1305, 1.1325, 1.119195
1.1305, 1.1325, 1.119195
1.1305, 1.1325, 1.119195
1.1305, 1.1321, 1.119195
1.1305, 1.1321, 1.119195
1.1305, 1.1321, 1.119195
1.1305, 1.1321, 1.119195
1.1305, 1.1321, 1.119195
1.1305, 1.1321, 1.119195
1.1305, 1.1321, 1.119195
1.1305, 1.1321, 1.119195
1.1305, 1.1325, 1.119195
1.1305, 1.1325, 1.119195
1.1305, 1.1325, 1.119195
1.1305, 1.1325, 1.119195
1.1305, 1.1325, 1.119195
1.1305, 1.1325, 1.119195
1.1305, 1.1325, 1.119195
1.1305, 1.1325, 1.119195
1.1305, 1.1325, 1.119195
1.1305, 1.1325, 1.119195
1.1305, 1.1325, 1.119195
1.1305, 1.1325, 1.119195
1.1305, 1.1325, 1.119195
1.1305, 1.1325, 1.119195
1.1305, 1.1325, 1.119195
1.1305, 1.1325, 1.119195
1.1305, 1.1325, 1.119195
1.1305, 1.1324, 1.119195
1.1305, 1.1324, 1.119195
1.1305, 1.1324, 1.119195
1.1305, 1.1325, 1.119195
1.1305, 1.1325, 1.119195
1.1305, 1.1325, 1.119195
1.1305, 1.1324, 1.119195
1.1305, 1.1325, 1.119195
1.1305, 1.1325, 1.119195
1.1305, 1.1328, 1.119195
1.1305, 1.1325, 1.119195
1.1305, 1.1325, 1.119195
1.1305, 1.1325, 1.119195
1.1305, 1.1325, 1.119195
1.1305, 1.1325, 1.119195
1.1305, 1.1325, 1.119195
1.1305, 1.1322, 1.119195
1.1305, 1.1325, 1.119195
1.1305, 1.1325, 1.119195
1.1305, 1.1325, 1.119195
1.1305, 1.1317, 1.119195
1.1305, 1.1312, 1.119195
1.1305, 1.1312, 1.119195
1.1305, 1.131, 1.119195
1.1305, 1.1305, 1.119195
1.1305, 1.1305, 1.119195
1.1305, 1.1315, 1.119195
1.1305, 1.1315, 1.119195
1.1305, 1.1323, 1.119195
1.1305, 1.1325, 1.119195
1.1305, 1.1325, 1.119195
1.1305, 1.1325, 1.119195
1.1305, 1.1325, 1.119195
1.1305, 1.1325, 1.119195
1.1305, 1.1325, 1.119195
1.1305, 1.1325, 1.119195
1.1305, 1.1306, 1.119195
1.1305, 1.1306, 1.119195
1.1305, 1.1306, 1.119195
1.1305, 1.1306, 1.119195
1.1305, 1.1306, 1.119195
1.1305, 1.1306, 1.119195
1.1305, 1.1306, 1.119195
1.1305, 1.1306, 1.119195
1.1305, 1.1325, 1.119195
1.1305, 1.1325, 1.119195
1.1305, 1.1325, 1.119195
1.1305, 1.1325, 1.119195
1.1305, 1.1325, 1.119195
1.1305, 1.1325, 1.119195
1.1305, 1.1325, 1.119195
1.1305, 1.1325, 1.119195
1.1305, 1.1325, 1.119195
1.1305, 1.1325, 1.119195
1.1305, 1.1324, 1.119195
1.1305, 1.1324, 1.119195
1.1305, 1.1324, 1.119195
1.1305, 1.1324, 1.119195
1.1305, 1.1325, 1.119195
1.1305, 1.1335, 1.119195
1.1305, 1.1335, 1.119195
1.1305, 1.1335, 1.119195
1.1305, 1.1338, 1.119195
1.1305, 1.1335, 1.119195
1.1305, 1.1339, 1.119195
1.1305, 1.134, 1.119195
1.1305, 1.134, 1.119195
1.1305, 1.134, 1.119195
1.1305, 1.134, 1.119195
1.1305, 1.134, 1.119195
1.1305, 1.134, 1.119195
1.1305, 1.134, 1.119195
1.1305, 1.1338, 1.119195
1.1305, 1.1338, 1.119195
1.1305, 1.1338, 1.119195
1.1305, 1.1338, 1.119195
1.1305, 1.1338, 1.119195
1.1305, 1.1338, 1.119195
1.1305, 1.1338, 1.119195
1.1305, 1.1338, 1.119195
1.1305, 1.1338, 1.119195
1.1305, 1.1338, 1.119195
1.1305, 1.1338, 1.119195
1.1305, 1.134, 1.119195
1.1305, 1.1336, 1.119195
1.1305, 1.1336, 1.119195
1.1305, 1.1345, 1.119195
1.1305, 1.1344, 1.119195
1.1305, 1.1324, 1.119195
1.1305, 1.1305, 1.119195
1.1305, 1.1285, 1.119195
1.1305, 1.1307, 1.119195
1.1305, 1.1331, 1.119195
1.1305, 1.1331, 1.119195
1.1305, 1.1327, 1.119195
1.1305, 1.1327, 1.119195
1.1305, 1.1327, 1.119195
1.1305, 1.1327, 1.119195
1.1305, 1.1327, 1.119195
1.1305, 1.1327, 1.119195
1.1305, 1.1327, 1.119195
1.1305, 1.1307, 1.119195
1.1305, 1.1303, 1.119195
1.1305, 1.1303, 1.119195
1.1305, 1.1326, 1.119195
1.1305, 1.1291, 1.119195
1.1305, 1.1291, 1.119195
1.1305, 1.1291, 1.119195
1.1305, 1.1281, 1.119195
1.1305, 1.1297, 1.119195
1.1305, 1.1297, 1.119195
1.1305, 1.1277, 1.119195
1.1305, 1.1277, 1.119195
1.1305, 1.1309, 1.119195
1.1305, 1.1292, 1.119195
1.1305, 1.1272, 1.119195
1.1305, 1.1272, 1.119195
1.1305, 1.1292, 1.119195
1.1305, 1.1283, 1.119195
1.1305, 1.1283, 1.119195
1.1305, 1.1283, 1.119195
1.1305, 1.1283, 1.119195
1.1305, 1.1271, 1.119195
1.1305, 1.1271, 1.119195
1.1305, 1.1271, 1.119195
1.1305, 1.1271, 1.119195
1.1305, 1.1271, 1.119195
1.1305, 1.1257, 1.119195
1.1305, 1.1257, 1.119195
1.1305, 1.1257, 1.119195
1.1305, 1.1257, 1.119195
1.1305, 1.1257, 1.119195
1.1305, 1.127, 1.119195
1.1305, 1.1277, 1.119195
1.1305, 1.1277, 1.119195
1.1305, 1.1273, 1.119195
1.1305, 1.1273, 1.119195
1.1305, 1.1295, 1.119195
1.1305, 1.1295, 1.119195
1.1305, 1.1274, 1.119195
1.1305, 1.1274, 1.119195
1.1305, 1.1286, 1.119195
1.1305, 1.1272, 1.119195
1.1305, 1.1272, 1.119195
1.1305, 1.1257, 1.119195
1.1305, 1.1257, 1.119195
1.1305, 1.1257, 1.119195
1.1305, 1.1257, 1.119195
1.1305, 1.1257, 1.119195
1.1305, 1.1257, 1.119195
1.1305, 1.1269, 1.119195
1.1305, 1.1292, 1.119195
1.1305, 1.1292, 1.119195
1.1305, 1.1292, 1.119195
1.1305, 1.1292, 1.119195
1.1305, 1.1285, 1.119195
1.1305, 1.1285, 1.119195
1.1305, 1.1285, 1.119195
1.1305, 1.1285, 1.119195
1.1305, 1.1285, 1.119195
1.1305, 1.1269, 1.119195
1.1305, 1.1281, 1.119195
1.1305, 1.1275, 1.119195
1.1305, 1.1275, 1.119195
1.1305, 1.1275, 1.119195
1.1305, 1.1275, 1.119195
1.1305, 1.1264, 1.119195
1.1305, 1.1286, 1.119195
1.1305, 1.1285, 1.119195
1.1305, 1.1285, 1.119195
1.1305, 1.1285, 1.119195
1.1305, 1.1285, 1.119195
1.1305, 1.1285, 1.119195
1.1305, 1.1264, 1.119195
1.1305, 1.1264, 1.119195
1.1305, 1.1281, 1.119195
1.1305, 1.1281, 1.119195
1.1305, 1.1281, 1.119195
1.1305, 1.1285, 1.119195
1.1305, 1.1264, 1.119195
1.1305, 1.1264, 1.119195
1.1305, 1.1264, 1.119195
1.1305, 1.1264, 1.119195
1.1305, 1.1264, 1.119195
1.1305, 1.1264, 1.119195
1.1305, 1.1264, 1.119195
1.1305, 1.1257, 1.119195
1.1305, 1.1257, 1.119195
1.1305, 1.1257, 1.119195
1.1305, 1.1264, 1.119195
1.1305, 1.1264, 1.119195
1.1305, 1.1276, 1.119195
1.1305, 1.1276, 1.119195
1.1305, 1.1276, 1.119195
1.1305, 1.1276, 1.119195
1.1305, 1.1275, 1.119195
1.1305, 1.1275, 1.119195
1.1305, 1.1275, 1.119195
1.1305, 1.1275, 1.119195
1.1305, 1.1275, 1.119195
1.1305, 1.1275, 1.119195
1.1305, 1.1275, 1.119195
1.1305, 1.125, 1.119195
1.1305, 1.125, 1.119195
1.1305, 1.125, 1.119195
1.1305, 1.1268, 1.119195
1.1305, 1.1244, 1.119195
1.1305, 1.1245, 1.119195
1.1305, 1.1248, 1.119195
1.1305, 1.1248, 1.119195
1.1305, 1.1249, 1.119195
1.1305, 1.1249, 1.119195
1.1305, 1.1268, 1.119195
1.1305, 1.1268, 1.119195
1.1305, 1.1268, 1.119195
1.1305, 1.1268, 1.119195
1.1305, 1.1268, 1.119195
1.1305, 1.1273, 1.119195
1.1305, 1.1273, 1.119195
1.1305, 1.1273, 1.119195
1.1305, 1.1273, 1.119195
1.1305, 1.1273, 1.119195
1.1305, 1.1307, 1.119195
1.1305, 1.1307, 1.119195
1.1305, 1.1308, 1.119195
1.1305, 1.131, 1.119195
1.1305, 1.131, 1.119195
1.1305, 1.131, 1.119195
1.1305, 1.1311, 1.119195
1.1305, 1.1324, 1.119195
1.1305, 1.1324, 1.119195
1.1305, 1.1324, 1.119195
1.1305, 1.1324, 1.119195
1.1305, 1.1324, 1.119195
1.1305, 1.1324, 1.119195
1.1305, 1.1324, 1.119195
1.1305, 1.1324, 1.119195
1.1305, 1.1334, 1.119195
1.1305, 1.1322, 1.119195
1.1305, 1.1322, 1.119195
1.1305, 1.1303, 1.119195
1.1305, 1.1303, 1.119195
1.1305, 1.1324, 1.119195
1.1305, 1.1324, 1.119195
1.1305, 1.1324, 1.119195
1.1305, 1.1324, 1.121076
1.1305, 1.1324, 1.121076
1.1305, 1.1322, 1.121076
1.1305, 1.1326, 1.121076
1.1305, 1.1317, 1.121076
1.1305, 1.1314, 1.121076
1.1305, 1.1314, 1.121076
1.1305, 1.1314, 1.121076
1.1305, 1.1314, 1.121076
1.1305, 1.1326, 1.121076
1.1305, 1.1326, 1.121076
1.1305, 1.1326, 1.121076
1.1305, 1.1326, 1.121076
1.1305, 1.1326, 1.121076
1.1305, 1.1326, 1.121076
1.1305, 1.1326, 1.121076
1.1305, 1.1326, 1.121076
1.1305, 1.1326, 1.121076
1.1305, 1.1326, 1.121076
1.1305, 1.1326, 1.121076
1.1305, 1.1326, 1.121076
1.1305, 1.1326, 1.121076
1.1305, 1.1326, 1.121076
1.1305, 1.1326, 1.121076
1.1305, 1.1326, 1.121076
1.1305, 1.1326, 1.121076
1.1305, 1.1326, 1.121076
1.1305, 1.1326, 1.121076
1.1305, 1.1326, 1.121076
1.1305, 1.1326, 1.121076
